"statistic, pvalue, row is better than column",best set: template_0,template_29,template_46,template_44,template_37,template_17,template_33,template_47,template_41,template_38,template_8,template_16,template_35,template_3,template_30,template_28,template_4,template_36,template_27,template_9,template_18,template_14,template_42,template_32,template_39,template_48,template_49,template_1,template_45,template_50,template_53,template_19,template_23,template_40,template_55,template_24,template_54,template_15,template_7,template_6,template_31,template_5,template_20,template_52,template_2,template_22,template_34,template_10,template_51,template_11,template_25,template_13,template_43,template_21,template_26,template_12,group,accuracy
template_0,None,"6.00, 1.00, None","8.00, 1.00, True","15.00, 1.00, True","5.00, 1.00, True","15.00, 1.00, True","4.00, 0.75, True","7.00, 0.80, True","4.00, 0.75, True","4.00, 0.75, True","3.00, 0.73, True","13.00, 0.85, True","4.00, 0.55, True","10.00, 0.68, True","6.00, 0.61, True","2.00, 0.45, True","5.00, 0.58, True","2.00, 0.45, True","4.00, 0.55, True","5.00, 0.58, True","6.00, 0.61, True","3.00, 0.51, True","6.00, 0.61, True","3.00, 0.34, True","3.00, 0.34, True","8.00, 0.50, True","7.00, 0.48, True","4.00, 0.39, True","11.00, 0.56, True","3.00, 0.23, True","5.00, 0.30, True","4.00, 0.27, True","2.00, 0.18, True","3.00, 0.23, True","7.00, 0.36, True","3.00, 0.23, True","5.00, 0.30, True","2.00, 0.18, True","3.00, 0.23, True","5.00, 0.30, True","2.00, 0.18, True","5.00, 0.30, True","7.00, 0.26, True","7.00, 0.26, True","9.00, 0.31, True","2.00, 0.11, True","3.00, 0.15, True","1.00, 0.04, True","4.00, 0.12, True","2.00, 0.07, True","2.00, 0.07, True","3.00, 0.09, True","4.00, 0.12, True","3.00, 0.06, True","3.00, 0.04, True","0.00, 0.00, True",A,0.32
template_29,"6.00, 1.00, True",None,"6.00, 1.00, True","14.00, 1.00, True","1.00, 1.00, True","12.00, 1.00, True","2.00, 0.69, True","4.00, 0.75, True","2.00, 0.69, True","1.00, 0.62, True","4.00, 0.75, True","15.00, 0.86, True","1.00, 0.38, True","7.00, 0.63, True","4.00, 0.55, True","2.00, 0.45, True","5.00, 0.58, True","1.00, 0.38, True","1.00, 0.38, True","2.00, 0.45, True","5.00, 0.58, True","3.00, 0.51, True","5.00, 0.58, True","1.00, 0.22, True","1.00, 0.22, True","6.00, 0.45, True","4.00, 0.39, True","3.00, 0.34, True","10.00, 0.54, True","3.00, 0.23, True","3.00, 0.23, True","2.00, 0.18, True","1.00, 0.12, True","1.00, 0.12, True","4.00, 0.27, True","3.00, 0.23, True","5.00, 0.30, True","1.00, 0.12, True","1.00, 0.12, True","6.00, 0.33, True","2.00, 0.18, True","2.00, 0.18, True","7.00, 0.26, True","6.00, 0.24, True","9.00, 0.31, True","2.00, 0.11, True","1.00, 0.07, True","3.00, 0.09, True","2.00, 0.07, True","2.00, 0.07, True","1.00, 0.04, True","1.00, 0.04, True","2.00, 0.07, True","1.00, 0.02, True","2.00, 0.02, True","1.00, 0.01, True",A,0.32
template_46,"8.00, 1.00, False","6.00, 1.00, False",None,"13.00, 1.00, None","8.00, 1.00, None","14.00, 1.00, None","6.00, 1.00, True","3.00, 1.00, True","5.00, 1.00, True","5.00, 1.00, True","7.00, 1.00, True","13.00, 1.00, True","6.00, 0.79, True","11.00, 0.84, True","7.00, 0.80, True","6.00, 0.79, True","7.00, 0.80, True","6.00, 0.79, True","6.00, 0.79, True","8.00, 0.81, True","6.00, 0.79, True","7.00, 0.80, True","3.00, 0.73, True","6.00, 0.61, True","5.00, 0.58, True","2.00, 0.45, True","4.00, 0.55, True","7.00, 0.63, True","8.00, 0.65, True","4.00, 0.39, True","5.00, 0.42, True","6.00, 0.45, True","6.00, 0.45, True","5.00, 0.42, True","4.00, 0.39, True","5.00, 0.42, True","3.00, 0.34, True","5.00, 0.42, True","5.00, 0.42, True","6.00, 0.45, True","5.00, 0.42, True","4.00, 0.39, True","5.00, 0.30, True","3.00, 0.23, True","8.00, 0.38, True","5.00, 0.30, True","6.00, 0.33, True","5.00, 0.21, True","2.00, 0.11, True","6.00, 0.24, True","4.00, 0.18, True","6.00, 0.24, True","4.00, 0.18, True","4.00, 0.12, True","3.00, 0.06, True","3.00, 0.06, True",A,0.31
template_44,"15.00, 1.00, False","14.00, 1.00, False","13.00, 1.00, True",None,"15.00, 1.00, None","14.00, 1.00, None","14.00, 1.00, True","13.00, 1.00, True","13.00, 1.00, True","14.00, 1.00, True","15.00, 1.00, True","15.00, 1.00, True","13.00, 0.85, True","13.00, 0.85, True","11.00, 0.84, True","14.00, 0.86, True","16.00, 0.86, True","14.00, 0.86, True","13.00, 0.85, True","15.00, 0.86, True","11.00, 0.84, True","13.00, 0.85, True","12.00, 0.85, True","13.00, 0.71, True","12.00, 0.70, True","14.00, 0.72, True","11.00, 0.69, True","13.00, 0.71, True","4.00, 0.55, True","10.00, 0.54, True","10.00, 0.54, True","14.00, 0.60, True","12.00, 0.57, True","11.00, 0.56, True","11.00, 0.56, True","11.00, 0.56, True","12.00, 0.57, True","12.00, 0.57, True","12.00, 0.57, True","13.00, 0.58, True","11.00, 0.56, True","12.00, 0.57, True","9.00, 0.40, True","9.00, 0.40, True","13.00, 0.47, True","11.00, 0.44, True","11.00, 0.44, True","11.00, 0.34, True","7.00, 0.26, True","10.00, 0.33, True","10.00, 0.33, True","12.00, 0.36, True","10.00, 0.33, True","10.00, 0.25, True","8.00, 0.15, True","10.00, 0.18, True",A,0.31
template_37,"5.00, 1.00, False","1.00, 1.00, False","8.00, 1.00, True","15.00, 1.00, True",None,"13.00, 1.00, None","2.00, 1.00, True","6.00, 1.00, True","3.00, 1.00, True","2.00, 1.00, True","4.00, 1.00, True","16.00, 1.00, True","2.00, 0.69, True","8.00, 0.81, True","5.00, 0.77, True","2.00, 0.69, True","5.00, 0.77, True","1.00, 0.62, True","1.00, 0.62, True","2.00, 0.69, True","6.00, 0.79, True","3.00, 0.73, True","6.00, 0.79, True","1.00, 0.38, True","1.00, 0.38, True","7.00, 0.63, True","6.00, 0.61, True","3.00, 0.51, True","10.00, 0.68, True","3.00, 0.34, True","4.00, 0.39, True","2.00, 0.29, True","1.00, 0.22, True","2.00, 0.29, True","5.00, 0.42, True","3.00, 0.34, True","6.00, 0.45, True","2.00, 0.29, True","1.00, 0.22, True","6.00, 0.45, True","2.00, 0.29, True","3.00, 0.34, True","7.00, 0.36, True","7.00, 0.36, True","10.00, 0.42, True","2.00, 0.18, True","1.00, 0.12, True","3.00, 0.15, True","3.00, 0.15, True","2.00, 0.11, True","1.00, 0.07, True","1.00, 0.07, True","3.00, 0.15, True","1.00, 0.04, True","2.00, 0.04, True","1.00, 0.02, True",A,0.31
template_17,"15.00, 1.00, False","12.00, 1.00, False","14.00, 1.00, True","14.00, 1.00, True","13.00, 1.00, True",None,"13.00, 1.00, True","13.00, 1.00, True","14.00, 1.00, True","13.00, 1.00, True","16.00, 1.00, True","11.00, 1.00, True","14.00, 0.86, True","9.00, 0.82, True","11.00, 0.84, True","13.00, 0.85, True","15.00, 0.86, True","13.00, 0.85, True","12.00, 0.85, True","14.00, 0.86, True","13.00, 0.85, True","14.00, 0.86, True","13.00, 0.85, True","13.00, 0.71, True","12.00, 0.70, True","13.00, 0.71, True","12.00, 0.70, True","11.00, 0.69, True","12.00, 0.70, True","14.00, 0.60, True","12.00, 0.57, True","12.00, 0.57, True","10.00, 0.54, True","11.00, 0.56, True","13.00, 0.58, True","12.00, 0.57, True","13.00, 0.58, True","11.00, 0.56, True","13.00, 0.58, True","15.00, 0.61, True","12.00, 0.57, True","11.00, 0.56, True","13.00, 0.47, True","15.00, 0.50, True","9.00, 0.40, True","12.00, 0.46, True","13.00, 0.47, True","13.00, 0.38, True","12.00, 0.36, True","10.00, 0.33, True","10.00, 0.33, True","10.00, 0.33, True","11.00, 0.34, True","9.00, 0.23, True","11.00, 0.20, True","11.00, 0.20, True",A,0.31
template_33,"4.00, 0.75, False","2.00, 0.69, False","6.00, 1.00, False","14.00, 1.00, False","2.00, 1.00, False","13.00, 1.00, False",None,"5.00, 1.00, None","3.00, 1.00, None","2.00, 1.00, None","3.00, 1.00, None","14.00, 1.00, None","2.00, 1.00, True","10.00, 1.00, True","4.00, 1.00, True","2.00, 1.00, True","3.00, 1.00, True","1.00, 1.00, True","1.00, 1.00, True","2.00, 1.00, True","4.00, 1.00, True","3.00, 1.00, True","5.00, 1.00, True","0.00, 0.50, True","0.00, 0.50, True","7.00, 0.80, True","6.00, 0.79, True","3.00, 0.73, True","10.00, 0.83, True","3.00, 0.51, True","5.00, 0.58, True","0.00, 0.25, True","2.00, 0.45, True","1.00, 0.38, True","4.00, 0.55, True","2.00, 0.45, True","6.00, 0.61, True","2.00, 0.45, True","1.00, 0.38, True","4.00, 0.55, True","2.00, 0.45, True","1.00, 0.38, True","5.00, 0.42, True","8.00, 0.50, True","9.00, 0.52, True","1.00, 0.22, True","0.00, 0.12, True","2.00, 0.18, True","4.00, 0.27, True","1.00, 0.12, True","1.00, 0.12, True","1.00, 0.12, True","2.00, 0.18, True","0.00, 0.03, True","1.00, 0.04, True","0.00, 0.02, True",A,0.3
template_47,"7.00, 0.80, False","4.00, 0.75, False","3.00, 1.00, False","13.00, 1.00, False","6.00, 1.00, False","13.00, 1.00, False","5.00, 1.00, True",None,"5.00, 1.00, None","6.00, 1.00, None","6.00, 1.00, None","15.00, 1.00, None","6.00, 1.00, True","12.00, 1.00, True","7.00, 1.00, True","7.00, 1.00, True","7.00, 1.00, True","6.00, 1.00, True","6.00, 1.00, True","7.00, 1.00, True","6.00, 1.00, True","6.00, 1.00, True","6.00, 1.00, True","5.00, 0.77, True","5.00, 0.77, True","4.00, 0.75, True","2.00, 0.69, True","8.00, 0.81, True","10.00, 0.83, True","4.00, 0.55, True","5.00, 0.58, True","5.00, 0.58, True","7.00, 0.63, True","5.00, 0.58, True","5.00, 0.58, True","5.00, 0.58, True","5.00, 0.58, True","6.00, 0.61, True","6.00, 0.61, True","6.00, 0.61, True","5.00, 0.58, True","4.00, 0.55, True","6.00, 0.45, True","6.00, 0.45, True","10.00, 0.54, True","4.00, 0.39, True","4.00, 0.39, True","5.00, 0.30, True","2.00, 0.18, True","6.00, 0.33, True","5.00, 0.30, True","6.00, 0.33, True","2.00, 0.18, True","4.00, 0.18, True","3.00, 0.09, True","3.00, 0.09, True",A,0.3
template_41,"4.00, 0.75, False","2.00, 0.69, False","5.00, 1.00, False","13.00, 1.00, False","3.00, 1.00, False","14.00, 1.00, False","3.00, 1.00, True","5.00, 1.00, True",None,"3.00, 1.00, None","3.00, 1.00, None","16.00, 1.00, None","2.00, 1.00, True","9.00, 1.00, True","5.00, 1.00, True","3.00, 1.00, True","5.00, 1.00, True","2.00, 1.00, True","3.00, 1.00, True","4.00, 1.00, True","5.00, 1.00, True","3.00, 1.00, True","4.00, 1.00, True","1.00, 0.62, True","2.00, 0.69, True","6.00, 0.79, True","5.00, 0.77, True","4.00, 0.75, True","9.00, 0.82, True","2.00, 0.45, True","4.00, 0.55, True","3.00, 0.51, True","3.00, 0.51, True","1.00, 0.38, True","4.00, 0.55, True","1.00, 0.38, True","3.00, 0.51, True","2.00, 0.45, True","2.00, 0.45, True","6.00, 0.61, True","2.00, 0.45, True","1.00, 0.38, True","6.00, 0.45, True","5.00, 0.42, True","10.00, 0.54, True","2.00, 0.29, True","2.00, 0.29, True","2.00, 0.18, True","2.00, 0.18, True","3.00, 0.23, True","1.00, 0.12, True","2.00, 0.18, True","2.00, 0.18, True","1.00, 0.07, True","0.00, 0.02, True","1.00, 0.04, True",A,0.3
template_38,"4.00, 0.75, False","1.00, 0.62, False","5.00, 1.00, False","14.00, 1.00, False","2.00, 1.00, False","13.00, 1.00, False","2.00, 1.00, True","6.00, 1.00, True","3.00, 1.00, True",None,"4.00, 1.00, None","15.00, 1.00, None","2.00, 1.00, True","9.00, 1.00, True","4.00, 1.00, True","1.00, 1.00, True","4.00, 1.00, True","1.00, 1.00, True","1.00, 1.00, True","3.00, 1.00, True","5.00, 1.00, True","3.00, 1.00, True","5.00, 1.00, True","1.00, 0.62, True","0.00, 0.50, True","6.00, 0.79, True","6.00, 0.79, True","2.00, 0.69, True","10.00, 0.83, True","3.00, 0.51, True","4.00, 0.55, True","2.00, 0.45, True","1.00, 0.38, True","2.00, 0.45, True","4.00, 0.55, True","2.00, 0.45, True","6.00, 0.61, True","1.00, 0.38, True","1.00, 0.38, True","5.00, 0.58, True","2.00, 0.45, True","2.00, 0.45, True","6.00, 0.45, True","7.00, 0.48, True","9.00, 0.52, True","2.00, 0.29, True","1.00, 0.22, True","3.00, 0.23, True","3.00, 0.23, True","1.00, 0.12, True","0.00, 0.06, True","1.00, 0.12, True","3.00, 0.23, True","0.00, 0.03, True","1.00, 0.04, True","1.00, 0.04, True",A,0.3
template_8,"3.00, 0.73, False","4.00, 0.75, False","7.00, 1.00, False","15.00, 1.00, False","4.00, 1.00, False","16.00, 1.00, False","3.00, 1.00, True","6.00, 1.00, True","3.00, 1.00, True","4.00, 1.00, True",None,"15.00, 1.00, None","4.00, 1.00, True","12.00, 1.00, True","6.00, 1.00, True","3.00, 1.00, True","4.00, 1.00, True","3.00, 1.00, True","3.00, 1.00, True","4.00, 1.00, True","5.00, 1.00, True","4.00, 1.00, True","6.00, 1.00, True","1.00, 0.62, True","2.00, 0.69, True","7.00, 0.80, True","6.00, 0.79, True","5.00, 0.77, True","11.00, 0.84, True","3.00, 0.51, True","6.00, 0.61, True","3.00, 0.51, True","4.00, 0.55, True","2.00, 0.45, True","5.00, 0.58, True","1.00, 0.38, True","4.00, 0.55, True","4.00, 0.55, True","3.00, 0.51, True","3.00, 0.51, True","3.00, 0.51, True","3.00, 0.51, True","6.00, 0.45, True","6.00, 0.45, True","10.00, 0.54, True","2.00, 0.29, True","2.00, 0.29, True","0.00, 0.06, True","4.00, 0.27, True","3.00, 0.23, True","3.00, 0.23, True","2.00, 0.18, True","3.00, 0.23, True","2.00, 0.11, True","1.00, 0.04, True","0.00, 0.02, True",A,0.3
template_16,"13.00, 0.85, False","15.00, 0.86, False","13.00, 1.00, False","15.00, 1.00, False","16.00, 1.00, False","11.00, 1.00, False","14.00, 1.00, True","15.00, 1.00, True","16.00, 1.00, True","15.00, 1.00, True","15.00, 1.00, True",None,"14.00, 1.00, True","12.00, 1.00, True","14.00, 1.00, True","13.00, 1.00, True","13.00, 1.00, True","14.00, 1.00, True","14.00, 1.00, True","14.00, 1.00, True","11.00, 1.00, True","14.00, 1.00, True","12.00, 1.00, True","14.00, 0.86, True","13.00, 0.85, True","14.00, 0.86, True","15.00, 0.86, True","12.00, 0.85, True","12.00, 0.85, True","14.00, 0.72, True","13.00, 0.71, True","12.00, 0.70, True","12.00, 0.70, True","12.00, 0.70, True","12.00, 0.70, True","13.00, 0.71, True","11.00, 0.69, True","11.00, 0.69, True","13.00, 0.71, True","10.00, 0.68, True","13.00, 0.71, True","12.00, 0.70, True","11.00, 0.56, True","13.00, 0.58, True","5.00, 0.42, True","12.00, 0.57, True","13.00, 0.58, True","11.00, 0.44, True","13.00, 0.47, True","10.00, 0.42, True","11.00, 0.44, True","11.00, 0.44, True","11.00, 0.44, True","10.00, 0.33, True","11.00, 0.26, True","10.00, 0.25, True",A,0.3
template_35,"4.00, 0.55, False","1.00, 0.38, False","6.00, 0.79, False","13.00, 0.85, False","2.00, 0.69, False","14.00, 0.86, False","2.00, 1.00, False","6.00, 1.00, False","2.00, 1.00, False","2.00, 1.00, False","4.00, 1.00, False","14.00, 1.00, False",None,"9.00, 1.00, None","6.00, 1.00, None","3.00, 1.00, None","6.00, 1.00, None","2.00, 1.00, None","3.00, 1.00, None","3.00, 1.00, None","6.00, 1.00, None","4.00, 1.00, None","5.00, 1.00, None","2.00, 1.00, True","2.00, 1.00, True","7.00, 1.00, True","6.00, 1.00, True","4.00, 1.00, True","10.00, 1.00, True","3.00, 0.73, True","4.00, 0.75, True","2.00, 0.69, True","3.00, 0.73, True","2.00, 0.69, True","4.00, 0.75, True","4.00, 0.75, True","5.00, 0.77, True","2.00, 0.69, True","2.00, 0.69, True","6.00, 0.79, True","3.00, 0.73, True","3.00, 0.73, True","6.00, 0.61, True","7.00, 0.63, True","9.00, 0.66, True","3.00, 0.51, True","0.00, 0.25, True","3.00, 0.34, True","4.00, 0.39, True","3.00, 0.34, True","2.00, 0.29, True","2.00, 0.29, True","2.00, 0.29, True","2.00, 0.18, True","2.00, 0.11, True","2.00, 0.11, True",A,0.29
template_3,"10.00, 0.68, False","7.00, 0.63, False","11.00, 0.84, False","13.00, 0.85, False","8.00, 0.81, False","9.00, 0.82, False","10.00, 1.00, False","12.00, 1.00, False","9.00, 1.00, False","9.00, 1.00, False","12.00, 1.00, False","12.00, 1.00, False","9.00, 1.00, True",None,"10.00, 1.00, None","9.00, 1.00, None","11.00, 1.00, None","9.00, 1.00, None","9.00, 1.00, None","9.00, 1.00, None","12.00, 1.00, None","10.00, 1.00, None","9.00, 1.00, None","10.00, 1.00, True","9.00, 1.00, True","14.00, 1.00, True","11.00, 1.00, True","9.00, 1.00, True","11.00, 1.00, True","9.00, 0.82, True","7.00, 0.80, True","10.00, 0.83, True","6.00, 0.79, True","8.00, 0.81, True","10.00, 0.83, True","9.00, 0.82, True","10.00, 0.83, True","6.00, 0.79, True","8.00, 0.81, True","11.00, 0.84, True","8.00, 0.81, True","8.00, 0.81, True","9.00, 0.66, True","10.00, 0.68, True","9.00, 0.66, True","8.00, 0.65, True","9.00, 0.66, True","9.00, 0.52, True","8.00, 0.50, True","6.00, 0.45, True","5.00, 0.42, True","6.00, 0.45, True","7.00, 0.48, True","6.00, 0.33, True","6.00, 0.24, True","8.00, 0.29, True",A,0.29
template_30,"6.00, 0.61, False","4.00, 0.55, False","7.00, 0.80, False","11.00, 0.84, False","5.00, 0.77, False","11.00, 0.84, False","4.00, 1.00, False","7.00, 1.00, False","5.00, 1.00, False","4.00, 1.00, False","6.00, 1.00, False","14.00, 1.00, False","6.00, 1.00, True","10.00, 1.00, True",None,"6.00, 1.00, None","8.00, 1.00, None","5.00, 1.00, None","5.00, 1.00, None","6.00, 1.00, None","8.00, 1.00, None","6.00, 1.00, None","8.00, 1.00, None","4.00, 1.00, True","4.00, 1.00, True","10.00, 1.00, True","6.00, 1.00, True","5.00, 1.00, True","9.00, 1.00, True","5.00, 0.77, True","6.00, 0.79, True","5.00, 0.77, True","4.00, 0.75, True","3.00, 0.73, True","8.00, 0.81, True","4.00, 0.75, True","8.00, 0.81, True","5.00, 0.77, True","4.00, 0.75, True","8.00, 0.81, True","2.00, 0.69, True","5.00, 0.77, True","7.00, 0.63, True","9.00, 0.66, True","11.00, 0.69, True","4.00, 0.55, True","4.00, 0.55, True","5.00, 0.42, True","6.00, 0.45, True","2.00, 0.29, True","2.00, 0.29, True","5.00, 0.42, True","4.00, 0.39, True","2.00, 0.18, True","3.00, 0.15, True","3.00, 0.15, True",A,0.29
template_28,"2.00, 0.45, False","2.00, 0.45, False","6.00, 0.79, False","14.00, 0.86, False","2.00, 0.69, False","13.00, 0.85, False","2.00, 1.00, False","7.00, 1.00, False","3.00, 1.00, False","1.00, 1.00, False","3.00, 1.00, False","13.00, 1.00, False","3.00, 1.00, True","9.00, 1.00, True","6.00, 1.00, True",None,"5.00, 1.00, None","1.00, 1.00, None","2.00, 1.00, None","4.00, 1.00, None","5.00, 1.00, None","3.00, 1.00, None","6.00, 1.00, None","2.00, 1.00, True","1.00, 1.00, True","8.00, 1.00, True","8.00, 1.00, True","2.00, 1.00, True","11.00, 1.00, True","4.00, 0.75, True","5.00, 0.77, True","3.00, 0.73, True","1.00, 0.62, True","3.00, 0.73, True","5.00, 0.77, True","2.00, 0.69, True","6.00, 0.79, True","1.00, 0.62, True","2.00, 0.69, True","5.00, 0.77, True","3.00, 0.73, True","3.00, 0.73, True","6.00, 0.61, True","7.00, 0.63, True","10.00, 0.68, True","2.00, 0.45, True","2.00, 0.45, True","2.00, 0.29, True","4.00, 0.39, True","1.00, 0.22, True","1.00, 0.22, True","1.00, 0.22, True","4.00, 0.39, True","1.00, 0.12, True","2.00, 0.11, True","1.00, 0.07, True",A,0.29
template_4,"5.00, 0.58, False","5.00, 0.58, False","7.00, 0.80, False","16.00, 0.86, False","5.00, 0.77, False","15.00, 0.86, False","3.00, 1.00, False","7.00, 1.00, False","5.00, 1.00, False","4.00, 1.00, False","4.00, 1.00, False","13.00, 1.00, False","6.00, 1.00, True","11.00, 1.00, True","8.00, 1.00, True","5.00, 1.00, True",None,"5.00, 1.00, None","4.00, 1.00, None","4.00, 1.00, None","7.00, 1.00, None","7.00, 1.00, None","7.00, 1.00, None","3.00, 1.00, True","3.00, 1.00, True","8.00, 1.00, True","9.00, 1.00, True","6.00, 1.00, True","13.00, 1.00, True","6.00, 0.79, True","7.00, 0.80, True","3.00, 0.73, True","5.00, 0.77, True","4.00, 0.75, True","6.00, 0.79, True","4.00, 0.75, True","8.00, 0.81, True","4.00, 0.75, True","4.00, 0.75, True","4.00, 0.75, True","5.00, 0.77, True","2.00, 0.69, True","7.00, 0.63, True","9.00, 0.66, True","8.00, 0.65, True","4.00, 0.55, True","4.00, 0.55, True","4.00, 0.39, True","6.00, 0.45, True","3.00, 0.34, True","3.00, 0.34, True","3.00, 0.34, True","5.00, 0.42, True","2.00, 0.18, True","2.00, 0.11, True","2.00, 0.11, True",A,0.29
template_36,"2.00, 0.45, False","1.00, 0.38, False","6.00, 0.79, False","14.00, 0.86, False","1.00, 0.62, False","13.00, 0.85, False","1.00, 1.00, False","6.00, 1.00, False","2.00, 1.00, False","1.00, 1.00, False","3.00, 1.00, False","14.00, 1.00, False","2.00, 1.00, True","9.00, 1.00, True","5.00, 1.00, True","1.00, 1.00, True","5.00, 1.00, True",None,"2.00, 1.00, None","3.00, 1.00, None","6.00, 1.00, None","2.00, 1.00, None","6.00, 1.00, None","1.00, 1.00, True","1.00, 1.00, True","8.00, 1.00, True","7.00, 1.00, True","2.00, 1.00, True","11.00, 1.00, True","3.00, 0.73, True","5.00, 0.77, True","2.00, 0.69, True","1.00, 0.62, True","2.00, 0.69, True","5.00, 0.77, True","3.00, 0.73, True","6.00, 0.79, True","1.00, 0.62, True","1.00, 0.62, True","6.00, 0.79, True","2.00, 0.69, True","3.00, 0.73, True","7.00, 0.63, True","8.00, 0.65, True","10.00, 0.68, True","1.00, 0.38, True","1.00, 0.38, True","2.00, 0.29, True","4.00, 0.39, True","1.00, 0.22, True","1.00, 0.22, True","1.00, 0.22, True","3.00, 0.34, True","1.00, 0.12, True","2.00, 0.11, True","0.00, 0.03, True",A,0.29
template_27,"4.00, 0.55, False","1.00, 0.38, False","6.00, 0.79, False","13.00, 0.85, False","1.00, 0.62, False","12.00, 0.85, False","1.00, 1.00, False","6.00, 1.00, False","3.00, 1.00, False","1.00, 1.00, False","3.00, 1.00, False","14.00, 1.00, False","3.00, 1.00, True","9.00, 1.00, True","5.00, 1.00, True","2.00, 1.00, True","4.00, 1.00, True","2.00, 1.00, True",None,"2.00, 1.00, None","5.00, 1.00, None","4.00, 1.00, None","6.00, 1.00, None","1.00, 1.00, True","0.00, 1.00, True","8.00, 1.00, True","7.00, 1.00, True","3.00, 1.00, True","10.00, 1.00, True","4.00, 0.75, True","5.00, 0.77, True","2.00, 0.69, True","1.00, 0.62, True","2.00, 0.69, True","4.00, 0.75, True","2.00, 0.69, True","7.00, 0.80, True","2.00, 0.69, True","2.00, 0.69, True","5.00, 0.77, True","3.00, 0.73, True","2.00, 0.69, True","6.00, 0.61, True","8.00, 0.65, True","10.00, 0.68, True","2.00, 0.45, True","1.00, 0.38, True","3.00, 0.34, True","4.00, 0.39, True","1.00, 0.22, True","1.00, 0.22, True","0.00, 0.12, True","3.00, 0.34, True","0.00, 0.06, True","1.00, 0.07, True","1.00, 0.07, True",A,0.29
template_9,"5.00, 0.58, False","2.00, 0.45, False","8.00, 0.81, False","15.00, 0.86, False","2.00, 0.69, False","14.00, 0.86, False","2.00, 1.00, False","7.00, 1.00, False","4.00, 1.00, False","3.00, 1.00, False","4.00, 1.00, False","14.00, 1.00, False","3.00, 1.00, True","9.00, 1.00, True","6.00, 1.00, True","4.00, 1.00, True","4.00, 1.00, True","3.00, 1.00, True","2.00, 1.00, True",None,"7.00, 1.00, None","5.00, 1.00, None","8.00, 1.00, None","2.00, 1.00, True","2.00, 1.00, True","9.00, 1.00, True","7.00, 1.00, True","5.00, 1.00, True","12.00, 1.00, True","5.00, 0.77, True","7.00, 0.80, True","1.00, 0.62, True","3.00, 0.73, True","3.00, 0.73, True","6.00, 0.79, True","4.00, 0.75, True","8.00, 0.81, True","3.00, 0.73, True","2.00, 0.69, True","4.00, 0.75, True","4.00, 0.75, True","3.00, 0.73, True","6.00, 0.61, True","10.00, 0.68, True","10.00, 0.68, True","2.00, 0.45, True","1.00, 0.38, True","4.00, 0.39, True","6.00, 0.45, True","2.00, 0.29, True","2.00, 0.29, True","2.00, 0.29, True","4.00, 0.39, True","1.00, 0.12, True","2.00, 0.11, True","2.00, 0.11, True",A,0.29
template_18,"6.00, 0.61, False","5.00, 0.58, False","6.00, 0.79, False","11.00, 0.84, False","6.00, 0.79, False","13.00, 0.85, False","4.00, 1.00, False","6.00, 1.00, False","5.00, 1.00, False","5.00, 1.00, False","5.00, 1.00, False","11.00, 1.00, False","6.00, 1.00, True","12.00, 1.00, True","8.00, 1.00, True","5.00, 1.00, True","7.00, 1.00, True","6.00, 1.00, True","5.00, 1.00, True","7.00, 1.00, True",None,"5.00, 1.00, None","6.00, 1.00, None","5.00, 1.00, True","4.00, 1.00, True","7.00, 1.00, True","7.00, 1.00, True","6.00, 1.00, True","8.00, 1.00, True","6.00, 0.79, True","7.00, 0.80, True","4.00, 0.75, True","5.00, 0.77, True","5.00, 0.77, True","7.00, 0.80, True","3.00, 0.73, True","7.00, 0.80, True","5.00, 0.77, True","5.00, 0.77, True","4.00, 0.75, True","6.00, 0.79, True","4.00, 0.75, True","4.00, 0.55, True","7.00, 0.63, True","9.00, 0.66, True","4.00, 0.55, True","4.00, 0.55, True","4.00, 0.39, True","4.00, 0.39, True","4.00, 0.39, True","4.00, 0.39, True","5.00, 0.42, True","4.00, 0.39, True","3.00, 0.23, True","3.00, 0.15, True","5.00, 0.21, True",A,0.29
template_14,"3.00, 0.51, False","3.00, 0.51, False","7.00, 0.80, False","13.00, 0.85, False","3.00, 0.73, False","14.00, 0.86, False","3.00, 1.00, False","6.00, 1.00, False","3.00, 1.00, False","3.00, 1.00, False","4.00, 1.00, False","14.00, 1.00, False","4.00, 1.00, True","10.00, 1.00, True","6.00, 1.00, True","3.00, 1.00, True","7.00, 1.00, True","2.00, 1.00, True","4.00, 1.00, True","5.00, 1.00, True","5.00, 1.00, True",None,"7.00, 1.00, None","3.00, 1.00, True","3.00, 1.00, True","8.00, 1.00, True","6.00, 1.00, True","3.00, 1.00, True","10.00, 1.00, True","3.00, 0.73, True","6.00, 0.79, True","4.00, 0.75, True","2.00, 0.69, True","4.00, 0.75, True","7.00, 0.80, True","3.00, 0.73, True","7.00, 0.80, True","3.00, 0.73, True","2.00, 0.69, True","6.00, 0.79, True","3.00, 0.73, True","5.00, 0.77, True","6.00, 0.61, True","8.00, 0.65, True","11.00, 0.69, True","1.00, 0.38, True","2.00, 0.45, True","2.00, 0.29, True","3.00, 0.34, True","2.00, 0.29, True","2.00, 0.29, True","3.00, 0.34, True","3.00, 0.34, True","2.00, 0.18, True","2.00, 0.11, True","2.00, 0.11, True",A,0.29
template_42,"6.00, 0.61, False","5.00, 0.58, False","3.00, 0.73, False","12.00, 0.85, False","6.00, 0.79, False","13.00, 0.85, False","5.00, 1.00, False","6.00, 1.00, False","4.00, 1.00, False","5.00, 1.00, False","6.00, 1.00, False","12.00, 1.00, False","5.00, 1.00, True","9.00, 1.00, True","8.00, 1.00, True","6.00, 1.00, True","7.00, 1.00, True","6.00, 1.00, True","6.00, 1.00, True","8.00, 1.00, True","6.00, 1.00, True","7.00, 1.00, True",None,"6.00, 1.00, True","5.00, 1.00, True","7.00, 1.00, True","7.00, 1.00, True","7.00, 1.00, True","8.00, 1.00, True","3.00, 0.73, True","5.00, 0.77, True","6.00, 0.79, True","6.00, 0.79, True","5.00, 0.77, True","6.00, 0.79, True","5.00, 0.77, True","3.00, 0.73, True","5.00, 0.77, True","6.00, 0.79, True","7.00, 0.80, True","5.00, 0.77, True","4.00, 0.75, True","5.00, 0.58, True","5.00, 0.58, True","8.00, 0.65, True","5.00, 0.58, True","5.00, 0.58, True","5.00, 0.42, True","4.00, 0.39, True","6.00, 0.45, True","4.00, 0.39, True","4.00, 0.39, True","3.00, 0.34, True","4.00, 0.27, True","2.00, 0.11, True","5.00, 0.21, True",A,0.29
template_32,"3.00, 0.34, False","1.00, 0.22, False","6.00, 0.61, False","13.00, 0.71, False","1.00, 0.38, False","13.00, 0.71, False","0.00, 0.50, False","5.00, 0.77, False","1.00, 0.62, False","1.00, 0.62, False","1.00, 0.62, False","14.00, 0.86, False","2.00, 1.00, False","10.00, 1.00, False","4.00, 1.00, False","2.00, 1.00, False","3.00, 1.00, False","1.00, 1.00, False","1.00, 1.00, False","2.00, 1.00, False","5.00, 1.00, False","3.00, 1.00, False","6.00, 1.00, False",None,"1.00, 1.00, None","8.00, 1.00, None","7.00, 1.00, None","4.00, 1.00, None","11.00, 1.00, None","4.00, 1.00, True","6.00, 1.00, True","2.00, 1.00, True","3.00, 1.00, True","1.00, 1.00, True","4.00, 1.00, True","2.00, 1.00, True","6.00, 1.00, True","3.00, 1.00, True","2.00, 1.00, True","6.00, 1.00, True","3.00, 1.00, True","2.00, 1.00, True","7.00, 0.80, True","8.00, 0.81, True","11.00, 0.84, True","2.00, 0.69, True","1.00, 0.62, True","2.00, 0.45, True","5.00, 0.58, True","2.00, 0.45, True","2.00, 0.45, True","1.00, 0.38, True","3.00, 0.51, True","1.00, 0.22, True","1.00, 0.12, True","0.00, 0.06, True",A,0.28
template_39,"3.00, 0.34, False","1.00, 0.22, False","5.00, 0.58, False","12.00, 0.70, False","1.00, 0.38, False","12.00, 0.70, False","0.00, 0.50, False","5.00, 0.77, False","2.00, 0.69, False","0.00, 0.50, False","2.00, 0.69, False","13.00, 0.85, False","2.00, 1.00, False","9.00, 1.00, False","4.00, 1.00, False","1.00, 1.00, False","3.00, 1.00, False","1.00, 1.00, False","0.00, 1.00, False","2.00, 1.00, False","4.00, 1.00, False","3.00, 1.00, False","5.00, 1.00, False","1.00, 1.00, True",None,"8.00, 1.00, None","7.00, 1.00, None","3.00, 1.00, None","10.00, 1.00, None","4.00, 1.00, True","5.00, 1.00, True","2.00, 1.00, True","2.00, 1.00, True","2.00, 1.00, True","4.00, 1.00, True","2.00, 1.00, True","7.00, 1.00, True","2.00, 1.00, True","2.00, 1.00, True","5.00, 1.00, True","3.00, 1.00, True","2.00, 1.00, True","6.00, 0.79, True","8.00, 0.81, True","10.00, 0.83, True","2.00, 0.69, True","1.00, 0.62, True","3.00, 0.51, True","4.00, 0.55, True","1.00, 0.38, True","1.00, 0.38, True","1.00, 0.38, True","3.00, 0.51, True","0.00, 0.12, True","1.00, 0.12, True","1.00, 0.12, True",A,0.28
template_48,"8.00, 0.50, False","6.00, 0.45, False","2.00, 0.45, False","14.00, 0.72, False","7.00, 0.63, False","13.00, 0.71, False","7.00, 0.80, False","4.00, 0.75, False","6.00, 0.79, False","6.00, 0.79, False","7.00, 0.80, False","14.00, 0.86, False","7.00, 1.00, False","14.00, 1.00, False","10.00, 1.00, False","8.00, 1.00, False","8.00, 1.00, False","8.00, 1.00, False","8.00, 1.00, False","9.00, 1.00, False","7.00, 1.00, False","8.00, 1.00, False","7.00, 1.00, False","8.00, 1.00, True","8.00, 1.00, True",None,"6.00, 1.00, None","10.00, 1.00, None","11.00, 1.00, None","7.00, 1.00, True","9.00, 1.00, True","7.00, 1.00, True","9.00, 1.00, True","7.00, 1.00, True","6.00, 1.00, True","8.00, 1.00, True","7.00, 1.00, True","8.00, 1.00, True","8.00, 1.00, True","8.00, 1.00, True","9.00, 1.00, True","7.00, 1.00, True","8.00, 0.81, True","7.00, 0.80, True","10.00, 0.83, True","7.00, 0.80, True","7.00, 0.80, True","7.00, 0.63, True","5.00, 0.58, True","9.00, 0.66, True","8.00, 0.65, True","8.00, 0.65, True","7.00, 0.63, True","8.00, 0.50, True","5.00, 0.30, True","5.00, 0.30, True",A,0.28
template_49,"7.00, 0.48, False","4.00, 0.39, False","4.00, 0.55, False","11.00, 0.69, False","6.00, 0.61, False","12.00, 0.70, False","6.00, 0.79, False","2.00, 0.69, False","5.00, 0.77, False","6.00, 0.79, False","6.00, 0.79, False","15.00, 0.86, False","6.00, 1.00, False","11.00, 1.00, False","6.00, 1.00, False","8.00, 1.00, False","9.00, 1.00, False","7.00, 1.00, False","7.00, 1.00, False","7.00, 1.00, False","7.00, 1.00, False","6.00, 1.00, False","7.00, 1.00, False","7.00, 1.00, True","7.00, 1.00, True","6.00, 1.00, True",None,"9.00, 1.00, None","11.00, 1.00, None","4.00, 1.00, True","5.00, 1.00, True","7.00, 1.00, True","8.00, 1.00, True","6.00, 1.00, True","7.00, 1.00, True","6.00, 1.00, True","7.00, 1.00, True","8.00, 1.00, True","7.00, 1.00, True","8.00, 1.00, True","6.00, 1.00, True","7.00, 1.00, True","7.00, 0.80, True","6.00, 0.79, True","12.00, 0.85, True","5.00, 0.77, True","5.00, 0.77, True","6.00, 0.61, True","3.00, 0.51, True","7.00, 0.63, True","6.00, 0.61, True","8.00, 0.65, True","3.00, 0.51, True","5.00, 0.42, True","4.00, 0.27, True","6.00, 0.33, True",A,0.28
template_1,"4.00, 0.39, False","3.00, 0.34, False","7.00, 0.63, False","13.00, 0.71, False","3.00, 0.51, False","11.00, 0.69, False","3.00, 0.73, False","8.00, 0.81, False","4.00, 0.75, False","2.00, 0.69, False","5.00, 0.77, False","12.00, 0.85, False","4.00, 1.00, False","9.00, 1.00, False","5.00, 1.00, False","2.00, 1.00, False","6.00, 1.00, False","2.00, 1.00, False","3.00, 1.00, False","5.00, 1.00, False","6.00, 1.00, False","3.00, 1.00, False","7.00, 1.00, False","4.00, 1.00, True","3.00, 1.00, True","10.00, 1.00, True","9.00, 1.00, True",None,"11.00, 1.00, None","6.00, 1.00, True","6.00, 1.00, True","5.00, 1.00, True","2.00, 1.00, True","5.00, 1.00, True","7.00, 1.00, True","4.00, 1.00, True","9.00, 1.00, True","3.00, 1.00, True","3.00, 1.00, True","7.00, 1.00, True","4.00, 1.00, True","5.00, 1.00, True","8.00, 0.81, True","9.00, 0.82, True","11.00, 0.84, True","4.00, 0.75, True","4.00, 0.75, True","4.00, 0.55, True","5.00, 0.58, True","2.00, 0.45, True","2.00, 0.45, True","3.00, 0.51, True","5.00, 0.58, True","1.00, 0.22, True","4.00, 0.27, True","3.00, 0.23, True",A,0.28
template_45,"11.00, 0.56, False","10.00, 0.54, False","8.00, 0.65, False","4.00, 0.55, False","10.00, 0.68, False","12.00, 0.70, False","10.00, 0.83, False","10.00, 0.83, False","9.00, 0.82, False","10.00, 0.83, False","11.00, 0.84, False","12.00, 0.85, False","10.00, 1.00, False","11.00, 1.00, False","9.00, 1.00, False","11.00, 1.00, False","13.00, 1.00, False","11.00, 1.00, False","10.00, 1.00, False","12.00, 1.00, False","8.00, 1.00, False","10.00, 1.00, False","8.00, 1.00, False","11.00, 1.00, True","10.00, 1.00, True","11.00, 1.00, True","11.00, 1.00, True","11.00, 1.00, True",None,"9.00, 1.00, True","10.00, 1.00, True","12.00, 1.00, True","10.00, 1.00, True","9.00, 1.00, True","10.00, 1.00, True","9.00, 1.00, True","10.00, 1.00, True","10.00, 1.00, True","10.00, 1.00, True","11.00, 1.00, True","10.00, 1.00, True","10.00, 1.00, True","7.00, 0.80, True","9.00, 0.82, True","12.00, 0.85, True","9.00, 0.82, True","9.00, 0.82, True","9.00, 0.66, True","7.00, 0.63, True","9.00, 0.66, True","8.00, 0.65, True","10.00, 0.68, True","8.00, 0.65, True","8.00, 0.50, True","6.00, 0.33, True","8.00, 0.38, True",A,0.28
template_50,"3.00, 0.23, False","3.00, 0.23, False","4.00, 0.39, False","10.00, 0.54, False","3.00, 0.34, False","14.00, 0.60, False","3.00, 0.51, False","4.00, 0.55, False","2.00, 0.45, False","3.00, 0.51, False","3.00, 0.51, False","14.00, 0.72, False","3.00, 0.73, False","9.00, 0.82, False","5.00, 0.77, False","4.00, 0.75, False","6.00, 0.79, False","3.00, 0.73, False","4.00, 0.75, False","5.00, 0.77, False","6.00, 0.79, False","3.00, 0.73, False","3.00, 0.73, False","4.00, 1.00, False","4.00, 1.00, False","7.00, 1.00, False","4.00, 1.00, False","6.00, 1.00, False","9.00, 1.00, False",None,"5.00, 1.00, None","6.00, 1.00, None","6.00, 1.00, None","5.00, 1.00, None","7.00, 1.00, None","5.00, 1.00, None","5.00, 1.00, None","6.00, 1.00, None","5.00, 1.00, None","8.00, 1.00, None","4.00, 1.00, None","6.00, 1.00, None","6.00, 1.00, True","6.00, 1.00, True","11.00, 1.00, True","3.00, 1.00, True","3.00, 1.00, True","4.00, 0.75, True","3.00, 0.73, True","6.00, 0.79, True","4.00, 0.75, True","5.00, 0.77, True","3.00, 0.73, True","4.00, 0.55, True","1.00, 0.22, True","4.00, 0.39, True",A,0.27
template_53,"5.00, 0.30, False","3.00, 0.23, False","5.00, 0.42, False","10.00, 0.54, False","4.00, 0.39, False","12.00, 0.57, False","5.00, 0.58, False","5.00, 0.58, False","4.00, 0.55, False","4.00, 0.55, False","6.00, 0.61, False","13.00, 0.71, False","4.00, 0.75, False","7.00, 0.80, False","6.00, 0.79, False","5.00, 0.77, False","7.00, 0.80, False","5.00, 0.77, False","5.00, 0.77, False","7.00, 0.80, False","7.00, 0.80, False","6.00, 0.79, False","5.00, 0.77, False","6.00, 1.00, False","5.00, 1.00, False","9.00, 1.00, False","5.00, 1.00, False","6.00, 1.00, False","10.00, 1.00, False","5.00, 1.00, True",None,"8.00, 1.00, None","5.00, 1.00, None","6.00, 1.00, None","6.00, 1.00, None","6.00, 1.00, None","8.00, 1.00, None","5.00, 1.00, None","6.00, 1.00, None","9.00, 1.00, None","4.00, 1.00, None","6.00, 1.00, None","8.00, 1.00, True","4.00, 1.00, True","10.00, 1.00, True","8.00, 1.00, True","6.00, 1.00, True","6.00, 0.79, True","3.00, 0.73, True","5.00, 0.77, True","3.00, 0.73, True","6.00, 0.79, True","3.00, 0.73, True","4.00, 0.55, True","5.00, 0.42, True","5.00, 0.42, True",A,0.27
template_19,"4.00, 0.27, False","2.00, 0.18, False","6.00, 0.45, False","14.00, 0.60, False","2.00, 0.29, False","12.00, 0.57, False","0.00, 0.25, False","5.00, 0.58, False","3.00, 0.51, False","2.00, 0.45, False","3.00, 0.51, False","12.00, 0.70, False","2.00, 0.69, False","10.00, 0.83, False","5.00, 0.77, False","3.00, 0.73, False","3.00, 0.73, False","2.00, 0.69, False","2.00, 0.69, False","1.00, 0.62, False","4.00, 0.75, False","4.00, 0.75, False","6.00, 0.79, False","2.00, 1.00, False","2.00, 1.00, False","7.00, 1.00, False","7.00, 1.00, False","5.00, 1.00, False","12.00, 1.00, False","6.00, 1.00, True","8.00, 1.00, True",None,"5.00, 1.00, None","4.00, 1.00, None","7.00, 1.00, None","5.00, 1.00, None","9.00, 1.00, None","4.00, 1.00, None","3.00, 1.00, None","5.00, 1.00, None","5.00, 1.00, None","3.00, 1.00, None","6.00, 1.00, True","11.00, 1.00, True","10.00, 1.00, True","3.00, 1.00, True","2.00, 1.00, True","5.00, 0.77, True","7.00, 0.80, True","3.00, 0.73, True","3.00, 0.73, True","4.00, 0.75, True","5.00, 0.77, True","2.00, 0.45, True","3.00, 0.34, True","3.00, 0.34, True",A,0.27
template_23,"2.00, 0.18, False","1.00, 0.12, False","6.00, 0.45, False","12.00, 0.57, False","1.00, 0.22, False","10.00, 0.54, False","2.00, 0.45, False","7.00, 0.63, False","3.00, 0.51, False","1.00, 0.38, False","4.00, 0.55, False","12.00, 0.70, False","3.00, 0.73, False","6.00, 0.79, False","4.00, 0.75, False","1.00, 0.62, False","5.00, 0.77, False","1.00, 0.62, False","1.00, 0.62, False","3.00, 0.73, False","5.00, 0.77, False","2.00, 0.69, False","6.00, 0.79, False","3.00, 1.00, False","2.00, 1.00, False","9.00, 1.00, False","8.00, 1.00, False","2.00, 1.00, False","10.00, 1.00, False","6.00, 1.00, True","5.00, 1.00, True","5.00, 1.00, True",None,"4.00, 1.00, None","7.00, 1.00, None","4.00, 1.00, None","9.00, 1.00, None","2.00, 1.00, None","3.00, 1.00, None","7.00, 1.00, None","3.00, 1.00, None","5.00, 1.00, None","8.00, 1.00, True","9.00, 1.00, True","10.00, 1.00, True","4.00, 1.00, True","4.00, 1.00, True","4.00, 0.75, True","5.00, 0.77, True","1.00, 0.62, True","1.00, 0.62, True","2.00, 0.69, True","5.00, 0.77, True","2.00, 0.45, True","4.00, 0.39, True","2.00, 0.29, True",A,0.27
template_40,"3.00, 0.23, False","1.00, 0.12, False","5.00, 0.42, False","11.00, 0.56, False","2.00, 0.29, False","11.00, 0.56, False","1.00, 0.38, False","5.00, 0.58, False","1.00, 0.38, False","2.00, 0.45, False","2.00, 0.45, False","12.00, 0.70, False","2.00, 0.69, False","8.00, 0.81, False","3.00, 0.73, False","3.00, 0.73, False","4.00, 0.75, False","2.00, 0.69, False","2.00, 0.69, False","3.00, 0.73, False","5.00, 0.77, False","4.00, 0.75, False","5.00, 0.77, False","1.00, 1.00, False","2.00, 1.00, False","7.00, 1.00, False","6.00, 1.00, False","5.00, 1.00, False","9.00, 1.00, False","5.00, 1.00, True","6.00, 1.00, True","4.00, 1.00, True","4.00, 1.00, True",None,"5.00, 1.00, None","4.00, 1.00, None","6.00, 1.00, None","3.00, 1.00, None","4.00, 1.00, None","8.00, 1.00, None","4.00, 1.00, None","3.00, 1.00, None","8.00, 1.00, True","8.00, 1.00, True","10.00, 1.00, True","3.00, 1.00, True","3.00, 1.00, True","4.00, 0.75, True","6.00, 0.79, True","3.00, 0.73, True","3.00, 0.73, True","3.00, 0.73, True","4.00, 0.75, True","3.00, 0.51, True","2.00, 0.29, True","1.00, 0.22, True",A,0.27
template_55,"7.00, 0.36, False","4.00, 0.27, False","4.00, 0.39, False","11.00, 0.56, False","5.00, 0.42, False","13.00, 0.58, False","4.00, 0.55, False","5.00, 0.58, False","4.00, 0.55, False","4.00, 0.55, False","5.00, 0.58, False","12.00, 0.70, False","4.00, 0.75, False","10.00, 0.83, False","8.00, 0.81, False","5.00, 0.77, False","6.00, 0.79, False","5.00, 0.77, False","4.00, 0.75, False","6.00, 0.79, False","7.00, 0.80, False","7.00, 0.80, False","6.00, 0.79, False","4.00, 1.00, False","4.00, 1.00, False","6.00, 1.00, False","7.00, 1.00, False","7.00, 1.00, False","10.00, 1.00, False","7.00, 1.00, True","6.00, 1.00, True","7.00, 1.00, True","7.00, 1.00, True","5.00, 1.00, True",None,"6.00, 1.00, None","6.00, 1.00, None","6.00, 1.00, None","6.00, 1.00, None","9.00, 1.00, None","8.00, 1.00, None","5.00, 1.00, None","9.00, 1.00, True","6.00, 1.00, True","10.00, 1.00, True","7.00, 1.00, True","5.00, 1.00, True","5.00, 0.77, True","5.00, 0.77, True","6.00, 0.79, True","6.00, 0.79, True","3.00, 0.73, True","4.00, 0.75, True","5.00, 0.58, True","4.00, 0.39, True","3.00, 0.34, True",A,0.27
template_24,"3.00, 0.23, False","3.00, 0.23, False","5.00, 0.42, False","11.00, 0.56, False","3.00, 0.34, False","12.00, 0.57, False","2.00, 0.45, False","5.00, 0.58, False","1.00, 0.38, False","2.00, 0.45, False","1.00, 0.38, False","13.00, 0.71, False","4.00, 0.75, False","9.00, 0.82, False","4.00, 0.75, False","2.00, 0.69, False","4.00, 0.75, False","3.00, 0.73, False","2.00, 0.69, False","4.00, 0.75, False","3.00, 0.73, False","3.00, 0.73, False","5.00, 0.77, False","2.00, 1.00, False","2.00, 1.00, False","8.00, 1.00, False","6.00, 1.00, False","4.00, 1.00, False","9.00, 1.00, False","5.00, 1.00, True","6.00, 1.00, True","5.00, 1.00, True","4.00, 1.00, True","4.00, 1.00, True","6.00, 1.00, True",None,"6.00, 1.00, None","5.00, 1.00, None","4.00, 1.00, None","5.00, 1.00, None","4.00, 1.00, None","3.00, 1.00, None","5.00, 1.00, True","6.00, 1.00, True","12.00, 1.00, True","4.00, 1.00, True","4.00, 1.00, True","2.00, 0.69, True","4.00, 0.75, True","3.00, 0.73, True","2.00, 0.69, True","3.00, 0.73, True","4.00, 0.75, True","1.00, 0.38, True","1.00, 0.22, True","3.00, 0.34, True",A,0.27
template_54,"5.00, 0.30, False","5.00, 0.30, False","3.00, 0.34, False","12.00, 0.57, False","6.00, 0.45, False","13.00, 0.58, False","6.00, 0.61, False","5.00, 0.58, False","3.00, 0.51, False","6.00, 0.61, False","4.00, 0.55, False","11.00, 0.69, False","5.00, 0.77, False","10.00, 0.83, False","8.00, 0.81, False","6.00, 0.79, False","8.00, 0.81, False","6.00, 0.79, False","7.00, 0.80, False","8.00, 0.81, False","7.00, 0.80, False","7.00, 0.80, False","3.00, 0.73, False","6.00, 1.00, False","7.00, 1.00, False","7.00, 1.00, False","7.00, 1.00, False","9.00, 1.00, False","10.00, 1.00, False","5.00, 1.00, True","8.00, 1.00, True","9.00, 1.00, True","9.00, 1.00, True","6.00, 1.00, True","6.00, 1.00, True","6.00, 1.00, True",None,"8.00, 1.00, None","8.00, 1.00, None","9.00, 1.00, None","7.00, 1.00, None","7.00, 1.00, None","7.00, 1.00, True","5.00, 1.00, True","9.00, 1.00, True","7.00, 1.00, True","7.00, 1.00, True","5.00, 0.77, True","6.00, 0.79, True","9.00, 0.82, True","7.00, 0.80, True","6.00, 0.79, True","5.00, 0.77, True","7.00, 0.63, True","4.00, 0.39, True","5.00, 0.42, True",A,0.27
template_15,"2.00, 0.18, False","1.00, 0.12, False","5.00, 0.42, False","12.00, 0.57, False","2.00, 0.29, False","11.00, 0.56, False","2.00, 0.45, False","6.00, 0.61, False","2.00, 0.45, False","1.00, 0.38, False","4.00, 0.55, False","11.00, 0.69, False","2.00, 0.69, False","6.00, 0.79, False","5.00, 0.77, False","1.00, 0.62, False","4.00, 0.75, False","1.00, 0.62, False","2.00, 0.69, False","3.00, 0.73, False","5.00, 0.77, False","3.00, 0.73, False","5.00, 0.77, False","3.00, 1.00, False","2.00, 1.00, False","8.00, 1.00, False","8.00, 1.00, False","3.00, 1.00, False","10.00, 1.00, False","6.00, 1.00, True","5.00, 1.00, True","4.00, 1.00, True","2.00, 1.00, True","3.00, 1.00, True","6.00, 1.00, True","5.00, 1.00, True","8.00, 1.00, True",None,"3.00, 1.00, None","7.00, 1.00, None","4.00, 1.00, None","3.00, 1.00, None","8.00, 1.00, True","9.00, 1.00, True","9.00, 1.00, True","3.00, 1.00, True","4.00, 1.00, True","5.00, 0.77, True","5.00, 0.77, True","1.00, 0.62, True","1.00, 0.62, True","3.00, 0.73, True","5.00, 0.77, True","2.00, 0.45, True","3.00, 0.34, True","2.00, 0.29, True",A,0.27
template_7,"3.00, 0.23, False","1.00, 0.12, False","5.00, 0.42, False","12.00, 0.57, False","1.00, 0.22, False","13.00, 0.58, False","1.00, 0.38, False","6.00, 0.61, False","2.00, 0.45, False","1.00, 0.38, False","3.00, 0.51, False","13.00, 0.71, False","2.00, 0.69, False","8.00, 0.81, False","4.00, 0.75, False","2.00, 0.69, False","4.00, 0.75, False","1.00, 0.62, False","2.00, 0.69, False","2.00, 0.69, False","5.00, 0.77, False","2.00, 0.69, False","6.00, 0.79, False","2.00, 1.00, False","2.00, 1.00, False","8.00, 1.00, False","7.00, 1.00, False","3.00, 1.00, False","10.00, 1.00, False","5.00, 1.00, True","6.00, 1.00, True","3.00, 1.00, True","3.00, 1.00, True","4.00, 1.00, True","6.00, 1.00, True","4.00, 1.00, True","8.00, 1.00, True","3.00, 1.00, True",None,"6.00, 1.00, None","3.00, 1.00, None","4.00, 1.00, None","7.00, 1.00, True","8.00, 1.00, True","10.00, 1.00, True","3.00, 1.00, True","3.00, 1.00, True","3.00, 0.73, True","4.00, 0.75, True","2.00, 0.69, True","1.00, 0.62, True","4.00, 0.75, True","4.00, 0.75, True","1.00, 0.38, True","3.00, 0.34, True","2.00, 0.29, True",A,0.27
template_6,"5.00, 0.30, False","6.00, 0.33, False","6.00, 0.45, False","13.00, 0.58, False","6.00, 0.45, False","15.00, 0.61, False","4.00, 0.55, False","6.00, 0.61, False","6.00, 0.61, False","5.00, 0.58, False","3.00, 0.51, False","10.00, 0.68, False","6.00, 0.79, False","11.00, 0.84, False","8.00, 0.81, False","5.00, 0.77, False","4.00, 0.75, False","6.00, 0.79, False","5.00, 0.77, False","4.00, 0.75, False","4.00, 0.75, False","6.00, 0.79, False","7.00, 0.80, False","6.00, 1.00, False","5.00, 1.00, False","8.00, 1.00, False","8.00, 1.00, False","7.00, 1.00, False","11.00, 1.00, False","8.00, 1.00, True","9.00, 1.00, True","5.00, 1.00, True","7.00, 1.00, True","8.00, 1.00, True","9.00, 1.00, True","5.00, 1.00, True","9.00, 1.00, True","7.00, 1.00, True","6.00, 1.00, True",None,"7.00, 1.00, None","6.00, 1.00, None","5.00, 1.00, True","9.00, 1.00, True","8.00, 1.00, True","6.00, 1.00, True","6.00, 1.00, True","5.00, 0.77, True","6.00, 0.79, True","5.00, 0.77, True","5.00, 0.77, True","7.00, 0.80, True","7.00, 0.80, True","4.00, 0.55, True","5.00, 0.42, True","5.00, 0.42, True",A,0.27
template_31,"2.00, 0.18, False","2.00, 0.18, False","5.00, 0.42, False","11.00, 0.56, False","2.00, 0.29, False","12.00, 0.57, False","2.00, 0.45, False","5.00, 0.58, False","2.00, 0.45, False","2.00, 0.45, False","3.00, 0.51, False","13.00, 0.71, False","3.00, 0.73, False","8.00, 0.81, False","2.00, 0.69, False","3.00, 0.73, False","5.00, 0.77, False","2.00, 0.69, False","3.00, 0.73, False","4.00, 0.75, False","6.00, 0.79, False","3.00, 0.73, False","5.00, 0.77, False","3.00, 1.00, False","3.00, 1.00, False","9.00, 1.00, False","6.00, 1.00, False","4.00, 1.00, False","10.00, 1.00, False","4.00, 1.00, True","4.00, 1.00, True","5.00, 1.00, True","3.00, 1.00, True","4.00, 1.00, True","8.00, 1.00, True","4.00, 1.00, True","7.00, 1.00, True","4.00, 1.00, True","3.00, 1.00, True","7.00, 1.00, True",None,"5.00, 1.00, None","8.00, 1.00, True","8.00, 1.00, True","10.00, 1.00, True","5.00, 1.00, True","4.00, 1.00, True","4.00, 0.75, True","4.00, 0.75, True","2.00, 0.69, True","1.00, 0.62, True","5.00, 0.77, True","3.00, 0.73, True","2.00, 0.45, True","4.00, 0.39, True","2.00, 0.29, True",A,0.27
template_5,"5.00, 0.30, False","2.00, 0.18, False","4.00, 0.39, False","12.00, 0.57, False","3.00, 0.34, False","11.00, 0.56, False","1.00, 0.38, False","4.00, 0.55, False","1.00, 0.38, False","2.00, 0.45, False","3.00, 0.51, False","12.00, 0.70, False","3.00, 0.73, False","8.00, 0.81, False","5.00, 0.77, False","3.00, 0.73, False","2.00, 0.69, False","3.00, 0.73, False","2.00, 0.69, False","3.00, 0.73, False","4.00, 0.75, False","5.00, 0.77, False","4.00, 0.75, False","2.00, 1.00, False","2.00, 1.00, False","7.00, 1.00, False","7.00, 1.00, False","5.00, 1.00, False","10.00, 1.00, False","6.00, 1.00, True","6.00, 1.00, True","3.00, 1.00, True","5.00, 1.00, True","3.00, 1.00, True","5.00, 1.00, True","3.00, 1.00, True","7.00, 1.00, True","3.00, 1.00, True","4.00, 1.00, True","6.00, 1.00, True","5.00, 1.00, True",None,"6.00, 1.00, True","8.00, 1.00, True","10.00, 1.00, True","4.00, 1.00, True","4.00, 1.00, True","5.00, 0.77, True","5.00, 0.77, True","3.00, 0.73, True","2.00, 0.69, True","3.00, 0.73, True","4.00, 0.75, True","1.00, 0.38, True","1.00, 0.22, True","3.00, 0.34, True",A,0.27
template_20,"7.00, 0.26, False","7.00, 0.26, False","5.00, 0.30, False","9.00, 0.40, False","7.00, 0.36, False","13.00, 0.47, False","5.00, 0.42, False","6.00, 0.45, False","6.00, 0.45, False","6.00, 0.45, False","6.00, 0.45, False","11.00, 0.56, False","6.00, 0.61, False","9.00, 0.66, False","7.00, 0.63, False","6.00, 0.61, False","7.00, 0.63, False","7.00, 0.63, False","6.00, 0.61, False","6.00, 0.61, False","4.00, 0.55, False","6.00, 0.61, False","5.00, 0.58, False","7.00, 0.80, False","6.00, 0.79, False","8.00, 0.81, False","7.00, 0.80, False","8.00, 0.81, False","7.00, 0.80, False","6.00, 1.00, False","8.00, 1.00, False","6.00, 1.00, False","8.00, 1.00, False","8.00, 1.00, False","9.00, 1.00, False","5.00, 1.00, False","7.00, 1.00, False","8.00, 1.00, False","7.00, 1.00, False","5.00, 1.00, False","8.00, 1.00, False","6.00, 1.00, False",None,"7.00, 1.00, None","12.00, 1.00, None","6.00, 1.00, None","6.00, 1.00, None","7.00, 1.00, True","7.00, 1.00, True","7.00, 1.00, True","6.00, 1.00, True","8.00, 1.00, True","7.00, 1.00, True","5.00, 0.77, True","3.00, 0.51, True","8.00, 0.65, True",A,0.26
template_52,"7.00, 0.26, False","6.00, 0.24, False","3.00, 0.23, False","9.00, 0.40, False","7.00, 0.36, False","15.00, 0.50, False","8.00, 0.50, False","6.00, 0.45, False","5.00, 0.42, False","7.00, 0.48, False","6.00, 0.45, False","13.00, 0.58, False","7.00, 0.63, False","10.00, 0.68, False","9.00, 0.66, False","7.00, 0.63, False","9.00, 0.66, False","8.00, 0.65, False","8.00, 0.65, False","10.00, 0.68, False","7.00, 0.63, False","8.00, 0.65, False","5.00, 0.58, False","8.00, 0.81, False","8.00, 0.81, False","7.00, 0.80, False","6.00, 0.79, False","9.00, 0.82, False","9.00, 0.82, False","6.00, 1.00, False","4.00, 1.00, False","11.00, 1.00, False","9.00, 1.00, False","8.00, 1.00, False","6.00, 1.00, False","6.00, 1.00, False","5.00, 1.00, False","9.00, 1.00, False","8.00, 1.00, False","9.00, 1.00, False","8.00, 1.00, False","8.00, 1.00, False","7.00, 1.00, True",None,"13.00, 1.00, None","10.00, 1.00, None","10.00, 1.00, None","6.00, 1.00, True","4.00, 1.00, True","10.00, 1.00, True","8.00, 1.00, True","9.00, 1.00, True","7.00, 1.00, True","8.00, 0.81, True","6.00, 0.61, True","7.00, 0.63, True",A,0.26
template_2,"9.00, 0.31, False","9.00, 0.31, False","8.00, 0.38, False","13.00, 0.47, False","10.00, 0.42, False","9.00, 0.40, False","9.00, 0.52, False","10.00, 0.54, False","10.00, 0.54, False","9.00, 0.52, False","10.00, 0.54, False","5.00, 0.42, False","9.00, 0.66, False","9.00, 0.66, False","11.00, 0.69, False","10.00, 0.68, False","8.00, 0.65, False","10.00, 0.68, False","10.00, 0.68, False","10.00, 0.68, False","9.00, 0.66, False","11.00, 0.69, False","8.00, 0.65, False","11.00, 0.84, False","10.00, 0.83, False","10.00, 0.83, False","12.00, 0.85, False","11.00, 0.84, False","12.00, 0.85, False","11.00, 1.00, False","10.00, 1.00, False","10.00, 1.00, False","10.00, 1.00, False","10.00, 1.00, False","10.00, 1.00, False","12.00, 1.00, False","9.00, 1.00, False","9.00, 1.00, False","10.00, 1.00, False","8.00, 1.00, False","10.00, 1.00, False","10.00, 1.00, False","12.00, 1.00, True","13.00, 1.00, True",None,"12.00, 1.00, None","12.00, 1.00, None","12.00, 1.00, True","11.00, 1.00, True","10.00, 1.00, True","9.00, 1.00, True","11.00, 1.00, True","10.00, 1.00, True","10.00, 0.83, True","10.00, 0.68, True","10.00, 0.68, True",A,0.26
template_22,"2.00, 0.11, False","2.00, 0.11, False","5.00, 0.30, False","11.00, 0.44, False","2.00, 0.18, False","12.00, 0.46, False","1.00, 0.22, False","4.00, 0.39, False","2.00, 0.29, False","2.00, 0.29, False","2.00, 0.29, False","12.00, 0.57, False","3.00, 0.51, False","8.00, 0.65, False","4.00, 0.55, False","2.00, 0.45, False","4.00, 0.55, False","1.00, 0.38, False","2.00, 0.45, False","2.00, 0.45, False","4.00, 0.55, False","1.00, 0.38, False","5.00, 0.58, False","2.00, 0.69, False","2.00, 0.69, False","7.00, 0.80, False","5.00, 0.77, False","4.00, 0.75, False","9.00, 0.82, False","3.00, 1.00, False","8.00, 1.00, False","3.00, 1.00, False","4.00, 1.00, False","3.00, 1.00, False","7.00, 1.00, False","4.00, 1.00, False","7.00, 1.00, False","3.00, 1.00, False","3.00, 1.00, False","6.00, 1.00, False","5.00, 1.00, False","4.00, 1.00, False","6.00, 1.00, True","10.00, 1.00, True","12.00, 1.00, True",None,"3.00, 1.00, None","4.00, 1.00, True","6.00, 1.00, True","3.00, 1.00, True","4.00, 1.00, True","4.00, 1.00, True","5.00, 1.00, True","3.00, 0.73, True","1.00, 0.38, True","3.00, 0.51, True",A,0.26
template_34,"3.00, 0.15, False","1.00, 0.07, False","6.00, 0.33, False","11.00, 0.44, False","1.00, 0.12, False","13.00, 0.47, False","0.00, 0.12, False","4.00, 0.39, False","2.00, 0.29, False","1.00, 0.22, False","2.00, 0.29, False","13.00, 0.58, False","0.00, 0.25, False","9.00, 0.66, False","4.00, 0.55, False","2.00, 0.45, False","4.00, 0.55, False","1.00, 0.38, False","1.00, 0.38, False","1.00, 0.38, False","4.00, 0.55, False","2.00, 0.45, False","5.00, 0.58, False","1.00, 0.62, False","1.00, 0.62, False","7.00, 0.80, False","5.00, 0.77, False","4.00, 0.75, False","9.00, 0.82, False","3.00, 1.00, False","6.00, 1.00, False","2.00, 1.00, False","4.00, 1.00, False","3.00, 1.00, False","5.00, 1.00, False","4.00, 1.00, False","7.00, 1.00, False","4.00, 1.00, False","3.00, 1.00, False","6.00, 1.00, False","4.00, 1.00, False","4.00, 1.00, False","6.00, 1.00, True","10.00, 1.00, True","12.00, 1.00, True","3.00, 1.00, True",None,"4.00, 1.00, True","6.00, 1.00, True","4.00, 1.00, True","4.00, 1.00, True","3.00, 1.00, True","3.00, 1.00, True","3.00, 0.73, True","2.00, 0.45, True","3.00, 0.51, True",A,0.26
template_10,"1.00, 0.04, False","3.00, 0.09, False","5.00, 0.21, False","11.00, 0.34, False","3.00, 0.15, False","13.00, 0.38, False","2.00, 0.18, False","5.00, 0.30, False","2.00, 0.18, False","3.00, 0.23, False","0.00, 0.06, False","11.00, 0.44, False","3.00, 0.34, False","9.00, 0.52, False","5.00, 0.42, False","2.00, 0.29, False","4.00, 0.39, False","2.00, 0.29, False","3.00, 0.34, False","4.00, 0.39, False","4.00, 0.39, False","2.00, 0.29, False","5.00, 0.42, False","2.00, 0.45, False","3.00, 0.51, False","7.00, 0.63, False","6.00, 0.61, False","4.00, 0.55, False","9.00, 0.66, False","4.00, 0.75, False","6.00, 0.79, False","5.00, 0.77, False","4.00, 0.75, False","4.00, 0.75, False","5.00, 0.77, False","2.00, 0.69, False","5.00, 0.77, False","5.00, 0.77, False","3.00, 0.73, False","5.00, 0.77, False","4.00, 0.75, False","5.00, 0.77, False","7.00, 1.00, False","6.00, 1.00, False","12.00, 1.00, False","4.00, 1.00, False","4.00, 1.00, False",None,"6.00, 1.00, None","5.00, 1.00, None","6.00, 1.00, None","4.00, 1.00, None","5.00, 1.00, None","5.00, 1.00, True","4.00, 0.75, True","2.00, 0.69, True",B,0.25
template_51,"4.00, 0.12, False","2.00, 0.07, False","2.00, 0.11, False","7.00, 0.26, False","3.00, 0.15, False","12.00, 0.36, False","4.00, 0.27, False","2.00, 0.18, False","2.00, 0.18, False","3.00, 0.23, False","4.00, 0.27, False","13.00, 0.47, False","4.00, 0.39, False","8.00, 0.50, False","6.00, 0.45, False","4.00, 0.39, False","6.00, 0.45, False","4.00, 0.39, False","4.00, 0.39, False","6.00, 0.45, False","4.00, 0.39, False","3.00, 0.34, False","4.00, 0.39, False","5.00, 0.58, False","4.00, 0.55, False","5.00, 0.58, False","3.00, 0.51, False","5.00, 0.58, False","7.00, 0.63, False","3.00, 0.73, False","3.00, 0.73, False","7.00, 0.80, False","5.00, 0.77, False","6.00, 0.79, False","5.00, 0.77, False","4.00, 0.75, False","6.00, 0.79, False","5.00, 0.77, False","4.00, 0.75, False","6.00, 0.79, False","4.00, 0.75, False","5.00, 0.77, False","7.00, 1.00, False","4.00, 1.00, False","11.00, 1.00, False","6.00, 1.00, False","6.00, 1.00, False","6.00, 1.00, True",None,"7.00, 1.00, None","5.00, 1.00, None","8.00, 1.00, None","5.00, 1.00, None","5.00, 1.00, True","5.00, 0.77, True","5.00, 0.77, True",A,0.25
template_11,"2.00, 0.07, False","2.00, 0.07, False","6.00, 0.24, False","10.00, 0.33, False","2.00, 0.11, False","10.00, 0.33, False","1.00, 0.12, False","6.00, 0.33, False","3.00, 0.23, False","1.00, 0.12, False","3.00, 0.23, False","10.00, 0.42, False","3.00, 0.34, False","6.00, 0.45, False","2.00, 0.29, False","1.00, 0.22, False","3.00, 0.34, False","1.00, 0.22, False","1.00, 0.22, False","2.00, 0.29, False","4.00, 0.39, False","2.00, 0.29, False","6.00, 0.45, False","2.00, 0.45, False","1.00, 0.38, False","9.00, 0.66, False","7.00, 0.63, False","2.00, 0.45, False","9.00, 0.66, False","6.00, 0.79, False","5.00, 0.77, False","3.00, 0.73, False","1.00, 0.62, False","3.00, 0.73, False","6.00, 0.79, False","3.00, 0.73, False","9.00, 0.82, False","1.00, 0.62, False","2.00, 0.69, False","5.00, 0.77, False","2.00, 0.69, False","3.00, 0.73, False","7.00, 1.00, False","10.00, 1.00, False","10.00, 1.00, False","3.00, 1.00, False","4.00, 1.00, False","5.00, 1.00, True","7.00, 1.00, True",None,"2.00, 1.00, None","4.00, 1.00, None","6.00, 1.00, None","2.00, 1.00, True","4.00, 0.75, True","3.00, 0.73, True",A,0.25
template_25,"2.00, 0.07, False","1.00, 0.04, False","4.00, 0.18, False","10.00, 0.33, False","1.00, 0.07, False","10.00, 0.33, False","1.00, 0.12, False","5.00, 0.30, False","1.00, 0.12, False","0.00, 0.06, False","3.00, 0.23, False","11.00, 0.44, False","2.00, 0.29, False","5.00, 0.42, False","2.00, 0.29, False","1.00, 0.22, False","3.00, 0.34, False","1.00, 0.22, False","1.00, 0.22, False","2.00, 0.29, False","4.00, 0.39, False","2.00, 0.29, False","4.00, 0.39, False","2.00, 0.45, False","1.00, 0.38, False","8.00, 0.65, False","6.00, 0.61, False","2.00, 0.45, False","8.00, 0.65, False","4.00, 0.75, False","3.00, 0.73, False","3.00, 0.73, False","1.00, 0.62, False","3.00, 0.73, False","6.00, 0.79, False","2.00, 0.69, False","7.00, 0.80, False","1.00, 0.62, False","1.00, 0.62, False","5.00, 0.77, False","1.00, 0.62, False","2.00, 0.69, False","6.00, 1.00, False","8.00, 1.00, False","9.00, 1.00, False","4.00, 1.00, False","4.00, 1.00, False","6.00, 1.00, True","5.00, 1.00, True","2.00, 1.00, True",None,"5.00, 1.00, None","5.00, 1.00, None","1.00, 1.00, True","3.00, 0.73, True","4.00, 0.75, True",A,0.25
template_13,"3.00, 0.09, False","1.00, 0.04, False","6.00, 0.24, False","12.00, 0.36, False","1.00, 0.07, False","10.00, 0.33, False","1.00, 0.12, False","6.00, 0.33, False","2.00, 0.18, False","1.00, 0.12, False","2.00, 0.18, False","11.00, 0.44, False","2.00, 0.29, False","6.00, 0.45, False","5.00, 0.42, False","1.00, 0.22, False","3.00, 0.34, False","1.00, 0.22, False","0.00, 0.12, False","2.00, 0.29, False","5.00, 0.42, False","3.00, 0.34, False","4.00, 0.39, False","1.00, 0.38, False","1.00, 0.38, False","8.00, 0.65, False","8.00, 0.65, False","3.00, 0.51, False","10.00, 0.68, False","5.00, 0.77, False","6.00, 0.79, False","4.00, 0.75, False","2.00, 0.69, False","3.00, 0.73, False","3.00, 0.73, False","3.00, 0.73, False","6.00, 0.79, False","3.00, 0.73, False","4.00, 0.75, False","7.00, 0.80, False","5.00, 0.77, False","3.00, 0.73, False","8.00, 1.00, False","9.00, 1.00, False","11.00, 1.00, False","4.00, 1.00, False","3.00, 1.00, False","4.00, 1.00, True","8.00, 1.00, True","4.00, 1.00, True","5.00, 1.00, True",None,"5.00, 1.00, None","4.00, 1.00, True","3.00, 0.73, True","3.00, 0.73, True",A,0.25
template_43,"4.00, 0.12, False","2.00, 0.07, False","4.00, 0.18, False","10.00, 0.33, False","3.00, 0.15, False","11.00, 0.34, False","2.00, 0.18, False","2.00, 0.18, False","2.00, 0.18, False","3.00, 0.23, False","3.00, 0.23, False","11.00, 0.44, False","2.00, 0.29, False","7.00, 0.48, False","4.00, 0.39, False","4.00, 0.39, False","5.00, 0.42, False","3.00, 0.34, False","3.00, 0.34, False","4.00, 0.39, False","4.00, 0.39, False","3.00, 0.34, False","3.00, 0.34, False","3.00, 0.51, False","3.00, 0.51, False","7.00, 0.63, False","3.00, 0.51, False","5.00, 0.58, False","8.00, 0.65, False","3.00, 0.73, False","3.00, 0.73, False","5.00, 0.77, False","5.00, 0.77, False","4.00, 0.75, False","4.00, 0.75, False","4.00, 0.75, False","5.00, 0.77, False","5.00, 0.77, False","4.00, 0.75, False","7.00, 0.80, False","3.00, 0.73, False","4.00, 0.75, False","7.00, 1.00, False","7.00, 1.00, False","10.00, 1.00, False","5.00, 1.00, False","3.00, 1.00, False","5.00, 1.00, True","5.00, 1.00, True","6.00, 1.00, True","5.00, 1.00, True","5.00, 1.00, True",None,"4.00, 1.00, True","4.00, 0.75, True","5.00, 0.77, True",A,0.25
template_21,"3.00, 0.06, False","1.00, 0.02, False","4.00, 0.12, False","10.00, 0.25, False","1.00, 0.04, False","9.00, 0.23, False","0.00, 0.03, False","4.00, 0.18, False","1.00, 0.07, False","0.00, 0.03, False","2.00, 0.11, False","10.00, 0.33, False","2.00, 0.18, False","6.00, 0.33, False","2.00, 0.18, False","1.00, 0.12, False","2.00, 0.18, False","1.00, 0.12, False","0.00, 0.06, False","1.00, 0.12, False","3.00, 0.23, False","2.00, 0.18, False","4.00, 0.27, False","1.00, 0.22, False","0.00, 0.12, False","8.00, 0.50, False","5.00, 0.42, False","1.00, 0.22, False","8.00, 0.50, False","4.00, 0.55, False","4.00, 0.55, False","2.00, 0.45, False","2.00, 0.45, False","3.00, 0.51, False","5.00, 0.58, False","1.00, 0.38, False","7.00, 0.63, False","2.00, 0.45, False","1.00, 0.38, False","4.00, 0.55, False","2.00, 0.45, False","1.00, 0.38, False","5.00, 0.77, False","8.00, 0.81, False","10.00, 0.83, False","3.00, 0.73, False","3.00, 0.73, False","5.00, 1.00, False","5.00, 1.00, False","2.00, 1.00, False","1.00, 1.00, False","4.00, 1.00, False","4.00, 1.00, False",None,"3.00, 1.00, True","5.00, 1.00, True",A,0.24
template_26,"3.00, 0.04, False","2.00, 0.02, False","3.00, 0.06, False","8.00, 0.15, False","2.00, 0.04, False","11.00, 0.20, False","1.00, 0.04, False","3.00, 0.09, False","0.00, 0.02, False","1.00, 0.04, False","1.00, 0.04, False","11.00, 0.26, False","2.00, 0.11, False","6.00, 0.24, False","3.00, 0.15, False","2.00, 0.11, False","2.00, 0.11, False","2.00, 0.11, False","1.00, 0.07, False","2.00, 0.11, False","3.00, 0.15, False","2.00, 0.11, False","2.00, 0.11, False","1.00, 0.12, False","1.00, 0.12, False","5.00, 0.30, False","4.00, 0.27, False","4.00, 0.27, False","6.00, 0.33, False","1.00, 0.22, False","5.00, 0.42, False","3.00, 0.34, False","4.00, 0.39, False","2.00, 0.29, False","4.00, 0.39, False","1.00, 0.22, False","4.00, 0.39, False","3.00, 0.34, False","3.00, 0.34, False","5.00, 0.42, False","4.00, 0.39, False","1.00, 0.22, False","3.00, 0.51, False","6.00, 0.61, False","10.00, 0.68, False","1.00, 0.38, False","2.00, 0.45, False","4.00, 0.75, False","5.00, 0.77, False","4.00, 0.75, False","3.00, 0.73, False","3.00, 0.73, False","4.00, 0.75, False","3.00, 1.00, False",None,"6.00, 1.00, None",B,0.23
template_12,"0.00, 0.00, False","1.00, 0.01, False","3.00, 0.06, False","10.00, 0.18, False","1.00, 0.02, False","11.00, 0.20, False","0.00, 0.02, False","3.00, 0.09, False","1.00, 0.04, False","1.00, 0.04, False","0.00, 0.02, False","10.00, 0.25, False","2.00, 0.11, False","8.00, 0.29, False","3.00, 0.15, False","1.00, 0.07, False","2.00, 0.11, False","0.00, 0.03, False","1.00, 0.07, False","2.00, 0.11, False","5.00, 0.21, False","2.00, 0.11, False","5.00, 0.21, False","0.00, 0.06, False","1.00, 0.12, False","5.00, 0.30, False","6.00, 0.33, False","3.00, 0.23, False","8.00, 0.38, False","4.00, 0.39, False","5.00, 0.42, False","3.00, 0.34, False","2.00, 0.29, False","1.00, 0.22, False","3.00, 0.34, False","3.00, 0.34, False","5.00, 0.42, False","2.00, 0.29, False","2.00, 0.29, False","5.00, 0.42, False","2.00, 0.29, False","3.00, 0.34, False","8.00, 0.65, False","7.00, 0.63, False","10.00, 0.68, False","3.00, 0.51, False","3.00, 0.51, False","2.00, 0.69, False","5.00, 0.77, False","3.00, 0.73, False","4.00, 0.75, False","3.00, 0.73, False","5.00, 0.77, False","5.00, 1.00, False","6.00, 1.00, True",None,B,0.23
