,template_name,min_cluster_size=2,min_cluster_size=3
0,template_0,1,1
1,template_1,4,4
2,template_2,-1,-1
3,template_3,4,4
4,template_4,1,1
5,template_5,4,4
6,template_6,1,1
7,template_7,4,4
8,template_8,1,1
9,template_9,4,4
10,template_10,1,1
11,template_11,4,4
12,template_12,1,1
13,template_13,4,4
14,template_14,0,0
15,template_15,2,2
16,template_16,-1,-1
17,template_17,-1,-1
18,template_18,0,0
19,template_19,2,2
20,template_20,0,0
21,template_21,2,2
22,template_22,0,0
23,template_23,2,2
24,template_24,0,0
25,template_25,2,2
26,template_26,0,0
27,template_27,2,2
28,template_28,1,1
29,template_29,4,4
30,template_30,1,1
31,template_31,4,4
32,template_32,1,1
33,template_33,4,4
34,template_34,1,1
35,template_35,4,4
36,template_36,1,1
37,template_37,4,4
38,template_38,1,1
39,template_39,4,4
40,template_40,1,1
41,template_41,4,4
42,template_42,1,1
43,template_43,3,3
44,template_44,-1,-1
45,template_45,-1,-1
46,template_46,1,1
47,template_47,3,3
48,template_48,1,1
49,template_49,3,3
50,template_50,1,1
51,template_51,3,3
52,template_52,1,1
53,template_53,3,3
54,template_54,1,1
55,template_55,3,3
